# Insertion. Times in microseconds.
# Size    Best       Worst     Average
#----------------------------------------
  1000  0.9221406  479.878025  292.430525
  2000  2.48115075  2042.746545  1009.07399
  3000  4.47683975  4922.575065  2275.60552
  4000  5.6535278  8190.80601  4050.6805
  5000  6.206274  13324.295025  6774.455485
  6000  7.55629935  22189.144125  15946.548495
  7000  8.02768675  31623.430035  21559.453
  8000  8.92933025  42830.827025  29016.071475
  9000  10.8728756  52617.45849  36626.68009
  10000  12.7506364  62548.62144  44931.19808
